Importers	Exported value in 2001	Exported value in 2002	Exported value in 2003	Exported value in 2004	Exported value in 2005	Exported value in 2006	Exported value in 2007	Exported value in 2008	Exported value in 2009	Exported value in 2010	Exported value in 2011	Exported value in 2012	Exported value in 2013	Exported value in 2014	Exported value in 2015	Exported value in 2016	Exported value in 2017	
"World"	31333944	35761981	47252836	63120949	73476408	85534676	107271750	132027196	102142613	113883219	134906869	152461737	151802637	157610158	143850376	142529584	157054789	
"Germany"	5366680	5835207	7484931	8745282	9455050	9686235	11993232	12951755	9793006	11479066	13950825	13124375	13702577	15147423	13418068	13998653	15124049	
"United Kingdom"	2174892	3005840	3670093	5543924	5917163	6814301	8626776	8158669	5937997	7235861	8151430	8693599	8785124	9903172	10557304	11685790	9608082	
"United Arab Emirates"	380145	452391	702908	1139465	1675187	1985696	3240940	7975400	2896572	3332885	3706654	8174607	4965630	4655710	4681402	5406993	9183685	
"Iraq"	0	0	829058	1820802	2750080	2589352	2844767	3916685	5123406	6036362	8310130	10822144	11948905	10887826	8550947	7636670	9056661	
"United States of America"	3125804	3336810	3753865	4848743	4910817	5061330	4177593	4316424	3250109	3766034	4585849	5606487	5641170	6342194	6396332	6623716	8655346	
"Italy"	2342203	2361212	3194797	4641199	5618164	6752991	7480711	7820270	5889622	6507052	7854463	6373488	6718743	7141112	6887902	7580892	8475683	
"France"	1895290	2123543	2826141	3668418	3805760	4604349	5974462	6617511	6211415	6054499	6805821	6198536	6376704	6467863	5850679	6026216	6591653	
"Spain"	950362	1115226	1792155	2619040	3011041	3721542	4580228	4047280	2818592	3536247	3917600	3717345	4334196	4749584	4742941	4988483	6307792	
"Netherlands"	892416	1043866	1525929	2138004	2469582	2539246	3018878	3143835	2127297	2461371	3243080	3244429	3538043	3458689	3154943	3589432	3862848	
"Israel"	805218	850859	1082998	1313890	1466913	1529158	1658195	1935235	1522436	2080148	2391148	2329531	2649663	2950902	2698131	2955545	3409532	
"Iran, Islamic Republic of"	360536	308089	533786	812580	912940	1066902	1441190	2029760	2024546	3044177	3589635	9921602	4192511	3886190	3664228	4966176	3259995	
"Belgium"	688261	689352	885564	1183181	1292264	1381104	1735798	2122434	1795682	1960441	2451030	2359575	2573804	2939108	2557901	2548240	3157087	
"Romania"	392028	560431	873347	1235485	1785409	2350474	3644162	3987476	2201936	2599380	2878760	2495427	2616313	3008011	2815642	2671249	3140933	
"Poland"	241234	340933	486046	697677	830483	1060078	1436402	1586772	1322218	1504280	1758252	1853700	2058857	2401689	2329394	2650505	3071982	
"China"	199373	265533	504626	391585	549764	693038	1039523	1437204	1600296	2269175	2466316	2833255	3600865	2861052	2414932	2328044	2936041	
"Bulgaria"	299415	378311	621685	894326	1179313	1568006	2060171	2151534	1385544	1497384	1622777	1684989	1971247	2040157	1676148	2383500	2804895	
"Russian Federation"	924107	1168309	1367591	1859187	2377050	3237611	4726853	6483004	3189607	4628153	5992633	6680777	6964209	5943014	3589464	1732954	2735484	
"Saudi Arabia"	500642	547324	741475	768519	962156	983227	1486918	2201875	1768216	2217646	2763476	3676612	3191482	3047134	3472634	3172081	2734958	
"Egypt"	421469	325097	345779	473145	687299	709353	902703	1426450	2599030	2250577	2759311	3679195	3200362	3297538	3124968	2732926	2359655	
"Free Zones"	1784835	2047434	2113335	2582003	3058793	2967219	2942876	3014685	1957066	2083788	2544721	2294934	2412824	3357884	2843871	2682410	1953202	
"Algeria"	421964	510837	573002	806115	807138	1020696	1231725	1613644	1777198	1504590	1470547	1813037	2002689	2078889	1825988	1736371	1713169	
"Greece"	476095	582816	920401	1170835	1126678	1602590	2262655	2429968	1629637	1455678	1553312	1401401	1439061	1536658	1400562	1427206	1663384	
"Morocco"	98149	136875	180779	330059	370825	551377	721595	957769	598541	623957	920896	1014906	1192900	1406566	1337571	1469043	1660587	
"Sweden"	214132	293301	457504	560610	661535	787315	882761	918787	748741	946866	1183041	1185685	1149242	1319785	1189023	1215269	1415064	
"Syrian Arab Republic"	281141	262868	410755	394783	551627	609417	797766	1115013	1421637	1844605	1609861	497960	1024473	1800962	1522627	1321981	1364612	
"Azerbaijan"	225214	226865	315488	403942	528076	695287	1047668	1667469	1400446	1550479	2063996	2584671	2960371	2874608	1898715	1285127	1357772	
"Ukraine"	289180	310450	444967	575827	821034	1121364	1481156	2187675	1004772	1260423	1729760	1829207	2189245	1729294	1121373	1253155	1341489	
"Georgia"	144049	103373	155070	199699	271828	407962	646082	997844	762977	769271	1092321	1253309	1245917	1443790	1109018	1176634	1209472	
"Slovenia"	62667	68864	102588	188559	332410	417729	486766	648705	595004	356502	617476	548314	666164	742817	810465	927487	1158279	
"Austria"	341346	363010	473167	561041	659097	709855	844006	990956	807146	835181	1052932	1000745	1057254	1134547	1024578	1045437	1114242	
"Cyprus"	200974	217279	319969	470274	760050	897346	939876	1082880	772131	975768	1023964	1013552	1117347	248	307	613	1097797	
"Hungary"	170230	199407	284647	349938	379092	486440	775656	684088	445669	440766	508648	517874	652242	693582	711839	831785	1080859	
"Canada"	171708	240791	221323	343896	364786	378542	369870	501428	338193	479505	875221	1058281	939954	950456	670630	729487	1045952	
"Turkmenistan"	105278	118493	170347	214848	180635	281325	339989	662933	945655	1139825	1493336	1480052	1957484	2231246	1857964	1241470	1038687	
"Denmark"	271670	362896	454043	637306	733233	827061	1008508	953437	690864	765081	880920	983886	1005180	1076621	901892	947464	1012028	
"Serbia"	0	0	0	0	0	354830	595526	737525	584547	600112	620499	635653	719648	782064	733258	842395	988546	
"Tunisia"	140593	119832	220015	255637	294785	324893	530277	778098	645767	713632	802302	796738	892157	915041	819094	910613	915215	
"Czech Republic"	109399	128298	188846	222264	290110	377710	577605	700824	489014	694077	888387	786276	772155	836577	768632	803964	907938	
"Switzerland"	242608	288755	356877	441910	557896	906700	941983	2859432	3940363	2065015	1493983	2134517	1029568	3219481	5680809	2680779	892032	
"Lebanon"	183880	185946	148126	234401	195910	240599	393217	665055	688681	618318	718257	845970	818643	782586	722646	734686	889426	
"Libya, State of"	67473	163081	254741	337204	384167	489261	643150	1074288	1795117	1932370	747629	2139440	2753096	2059898	1420087	906107	880868	
"Portugal"	286099	221784	315201	397851	395538	562721	550527	540744	408920	465228	445740	441102	616913	557503	558357	651097	811434	
"India"	74373	72489	71365	136317	219869	222242	348229	542730	409202	606081	756082	791720	586927	586589	650319	651703	758604	
"Kazakhstan"	119795	158655	233994	355590	459946	696823	1079887	890568	633417	818900	947822	1068625	1039420	977487	750157	623715	746586	
"Jordan"	118901	115181	149618	229464	288648	321661	389305	460738	455352	571334	506839	770982	744193	907021	834760	710799	682664	
"Singapore"	104576	98692	100482	76022	78755	357281	389772	793092	349441	594027	840072	443632	355149	370629	432551	417889	680913	
"Uzbekistan"	89725	93473	138422	145226	151071	175995	225612	337130	279964	282666	354490	449884	562526	603013	488654	533018	680780	
"Qatar"	8402	15496	15688	35026	82045	342147	449963	1074013	289361	162549	188138	257329	244077	344713	423097	439142	649489	
"Hong Kong, China"	146309	149372	94698	143774	115192	148113	179903	189188	229173	247717	425636	337239	420350	439472	345319	400182	627842	
"Korea, Republic of"	62364	53219	57928	79623	99771	155966	152311	271254	234609	304301	528507	527993	460050	470464	568635	518775	584689	
"Yemen"	100362	116422	156069	203945	197193	197869	274289	353605	379263	330392	272733	485937	605214	643827	395764	535505	572917	
"Norway"	70291	114554	171420	206258	245165	260896	375340	391174	388950	343911	379523	450621	618471	557600	454015	559085	547518	
"Malta"	62934	132453	156990	98358	279338	226760	620669	956354	664109	410433	899715	919083	886753	1014999	494002	238627	541218	
"Australia"	84287	99152	136148	226794	227524	289008	291834	367316	304983	336488	410549	421731	462849	505008	521308	633347	538334	
"Ireland"	147396	181181	261651	432893	404607	575374	637455	663903	294769	339265	354004	347199	379648	470907	466755	494544	527532	
"South Africa"	77871	87206	121528	190113	315739	598489	653785	1238632	866774	369235	510523	381772	619718	545232	489167	405943	485104	
"Mexico"	51773	76451	40422	150608	163672	140778	196750	152166	93023	145500	144986	205999	238712	311978	344059	443738	441478	
"Kuwait"	104769	136934	165941	265777	210349	219017	221292	493035	211242	395051	297207	290582	334938	372320	482582	431310	439940	
"Belarus"	20084	20072	19579	24609	49785	64823	95919	145337	119172	186508	232680	264365	303152	272251	205144	357524	422369	
"Japan"	124065	128656	156288	190117	234227	263084	246910	330462	232841	272219	296413	331762	409236	375472	334814	354380	411758	
"Sudan"	0	0	0	0	0	0	0	0	0	0	0	279612	268662	307872	424555	460474	395264	
"Albania"	73205	78789	114426	161028	191140	214241	294508	305737	273110	241066	270630	255950	266544	318541	287395	304606	387618	
"Slovakia"	27565	32527	59918	108605	122712	170167	284205	306631	217408	454744	402151	391760	436115	472278	545756	384271	387026	
"Brazil"	89818	48806	50165	69355	103458	121882	229914	318027	388207	614551	883471	1002759	936096	794186	458367	333741	385024	
"Macedonia, The Former Yugoslav Republic of"	89816	100500	122715	149330	162476	172756	271744	296172	283464	262621	298861	274497	293976	347965	324636	378004	360589	
"Pakistan"	31186	57339	70354	86400	187554	129598	157038	155065	162514	248147	213672	276127	285901	259317	289155	346896	352356	
"Bosnia and Herzegovina"	27586	42919	63227	99938	128217	150862	445173	572349	226567	224299	268942	251523	274086	322022	292474	308962	348876	
"Kyrgyzstan"	17350	23967	40862	74702	89529	132172	181311	191351	140002	129202	180241	257470	388336	421431	294702	308933	343655	
"Ethiopia"	32315	32317	50739	77719	109378	91949	145964	163777	229030	174843	275492	394619	364525	329177	383596	404420	338605	
"Nigeria"	69023	62379	66347	80213	98558	83009	133269	280527	257481	250602	393837	438767	412666	439829	313984	241604	335611	
"Croatia"	30111	42653	85598	118060	167991	213883	355520	328678	214705	249148	241816	200575	201597	287401	251635	277925	314198	
"Lithuania"	32586	52660	85668	122531	149315	167388	236479	231397	151505	208277	274194	275950	403348	350974	300249	258595	301895	
"Finland"	71142	135499	214069	256331	296561	359279	412410	367128	196465	296774	352886	301593	297972	329424	266063	292056	297476	
"Bangladesh"	15273	15384	40333	33129	90727	91992	63017	69528	133819	169522	132200	214168	195536	148511	199890	263777	294509	
"Malaysia"	35281	152259	227270	52453	57250	59929	82810	98224	139110	224843	182587	165474	272073	315024	357083	321564	286275	
"Moldova, Republic of"	27816	39453	46794	66352	81108	107377	145752	198468	118090	148209	208885	224464	275971	286741	201645	262383	284781	
"Chile"	19920	19772	15528	24529	24959	34788	41843	150267	37435	81222	130616	174852	219338	198579	187919	217157	254895	
"Senegal"	13411	19078	26676	25520	34951	40437	65108	90008	95267	83314	155021	128374	119333	165625	128206	154371	243680	
"Viet Nam"	13240	25513	24677	33839	44003	45392	76720	153908	189112	106203	100090	90104	107299	168145	155449	233875	237346	
"Indonesia"	32418	28305	46971	54119	80797	84949	173736	284426	248791	250772	307971	243621	230995	227583	207001	253636	236665	
"Bahrain"	11159	16908	28856	54416	41915	35303	76651	308223	113628	172024	160418	208520	199065	204085	225298	193281	227303	
"Ghana"	17736	21878	36867	31779	31602	32966	84126	100366	72851	96484	218560	223502	179018	175355	219599	298469	224520	
"Oman"	30682	31163	22484	29111	39959	71000	91831	215755	105518	129311	214651	268460	373988	491049	324914	243798	221444	
"Taipei, Chinese"	67457	229397	130160	162542	77586	80030	94701	97448	129931	137051	163740	119462	117858	132864	157067	138694	204463	
"Iceland"	3209	2646	9790	9812	17788	21671	10653	11122	6246	7454	13746	15996	13869	18099	67508	26706	199722	
"Panama"	28731	22913	19731	36598	83798	77883	117420	228088	94975	140632	217072	225062	230397	208399	166125	95976	197853	
"Angola"	8364	10951	13890	22287	26846	44657	47758	182248	151698	109119	220581	234516	263819	287595	195884	128864	186633	
"Colombia"	10528	7730	16620	26293	45371	51664	79221	74614	36044	52863	111367	152131	124632	183110	185914	185125	184300	
"Afghanistan"	6983	20232	36489	70945	113401	91106	109270	136982	235203	259791	275969	289915	228231	186185	161634	145591	172185	
"Thailand"	37301	45067	108489	123616	51475	61486	63021	100300	131632	220005	125189	176360	223994	210538	174099	163889	165746	
"Argentina"	22800	2378	10808	19910	37799	44396	64496	107099	73734	179216	214104	316482	318181	141320	118307	126870	159619	
"Tajikistan"	15553	10893	29478	41637	46717	71787	118107	176448	126364	143890	172575	234947	283620	277384	162783	151621	156134	
"Marshall Islands"	0	1140	9304	58328	117972	100359	214984	274641	108602	80521	142245	83354	119456	207058	79258	116824	155127	
"Kenya"	10441	8113	13134	17837	50600	85419	98044	233052	70094	86360	199203	138001	129604	118157	131265	127770	152280	
"Gibraltar"	14269	40503	52425	102465	40908	240240	149258	39051	169538	151858	171115	109526	117754	155887	18521	70451	143209	
"Somalia"	198	399	220	758	2207	2020	2320	8422	3546	4810	39548	43751	58315	62119	71035	115887	143026	
"Côte d'Ivoire"	8618	15590	14025	14296	26601	29853	32322	39436	59522	47926	65773	76563	85349	93170	115498	109879	141345	
"Philippines"	12787	15324	27402	36115	30571	43438	40246	97423	84133	70803	100612	144196	135610	138095	103874	106683	132960	
"Latvia"	16108	20247	26707	38366	81390	77390	105390	104295	64952	65958	115955	127367	151176	193298	173117	196893	127566	
"Liberia"	8917	2165	19871	46764	47596	9540	100396	158937	177140	67460	61254	104369	109784	103960	79860	64599	118639	
"Tanzania, United Republic of"	2803	3839	5995	7496	23019	27360	30216	52636	55281	89319	170772	130560	140669	151823	116380	95556	115833	
"Peru"	8889	14327	7336	6954	7211	9356	15305	124633	61947	159272	286800	246410	275565	287976	197098	86191	108578	
"Estonia"	13169	18058	23183	35521	57256	74755	81762	239707	105984	90324	132005	168679	197359	177612	117825	171577	105806	
"New Zealand"	12476	16232	20682	34889	42961	38012	50942	63655	56591	64153	67787	67923	71653	87641	90100	95659	104038	
"Djibouti"	6840	3770	5363	8573	7128	10559	45388	40274	42282	30788	45491	88690	67091	59712	98249	77898	102506	
"Cameroon"	8903	15375	19615	21076	16897	14815	24385	32535	50261	48613	105490	115651	101989	110730	83320	66553	98000	
"Guinea"	4786	6111	7513	7520	12156	17076	18182	26942	13472	27689	39184	54748	126860	66295	65037	62300	95758	
"Benin"	4049	4943	5400	5072	5186	6003	37146	25434	28587	116690	86572	79062	127437	99616	79920	84307	92928	
"Palestine, State of"	5999	4668	6489	9025	9401	21154	21247	20690	29523	40305	49092	62696	75507	90945	82224	94372	87493	
"Mauritania"	4355	11636	4294	5529	10065	8910	10990	15173	22813	37444	75555	110737	103806	91796	97159	73206	86835	
"Haiti"	9612	11146	7925	7488	4613	5881	6705	10132	11771	20612	22795	20690	25717	22488	22582	21751	86278	
"Madagascar"	2768	4116	5419	11787	9354	8963	10607	22268	19296	27013	51213	56817	59689	54066	53746	59338	73247	
"Sri Lanka"	13286	16088	29047	29858	53099	37085	44596	34864	31510	32035	42081	37405	36713	51965	51180	51636	70914	
"Dominican Republic"	18995	14981	3755	17463	5998	7728	6905	48181	24347	29953	42096	45031	45926	66070	40357	40379	68065	
"Mauritius"	1409	1398	2197	4166	5996	8147	22719	30665	18510	22496	44543	35550	40347	37802	34295	35521	65164	
"Montenegro"	0	0	0	0	0	7752	19861	48494	26483	27179	26966	29131	29140	35040	38304	51806	60302	
"Togo"	1504	8112	2499	6199	5193	8153	12816	17521	31771	30548	60000	254939	89056	54418	45087	34139	58168	
"Congo"	3772	6304	5279	9310	15960	14738	19267	28255	39965	45431	78220	92129	92871	97600	126420	103356	57400	
"British Virgin Islands"	6189	4737	4279	6928	31735	38998	65561	81673	195043	74652	17926	34011	63890	18723	11418	36235	56079	
"Namibia"	577	661	487	519	310	811	1392	3212	1484	3458	2229	3995	3022	9597	83690	40903	55438	
"Area Nes"	0	0	0	0	0	88232	633332	1121746	446056	11316	9871	5487	6163	112940	78049	66321	53163	
"Mali"	2608	3391	4970	6373	10000	7667	12140	8949	8870	9925	18084	19283	20751	33548	30383	64705	52204	
"Costa Rica"	14245	5856	3285	7597	3461	9637	10114	9975	7288	7554	10195	20312	34842	48928	48025	46908	51837	
"Jamaica"	11495	11656	16005	19230	13260	22147	15490	37846	16559	22751	21928	41776	35819	46276	18352	17415	51050	
"Trinidad and Tobago"	2292	2744	3292	4220	4055	8124	8578	26722	19452	24954	24141	36220	43052	50125	35347	30197	50691	
"Sierra Leone"	1717	1303	4624	6685	5376	6620	10649	15300	15729	24464	25642	35865	47323	45650	43956	39678	50562	
"Rwanda"	527	337	318	811	241	981	2808	4168	7547	7993	5946	19935	9761	38373	30322	29540	42592	
"Uruguay"	4535	2109	1601	1671	3054	3777	8337	14462	10545	31676	30079	45594	44084	49654	45889	37099	41548	
"Gabon"	1853	4395	2567	3306	4709	6109	22775	13228	13946	18906	29972	52512	93876	57251	66285	23965	40221	
"Nepal"	407	1255	824	1027	4502	2682	1246	843	5104	8605	14235	3231	3347	21931	47247	10005	39885	
"Maldives"	16	175	462	974	2008	1722	1397	1658	6639	7492	7908	7137	5928	7818	18208	35651	39656	
"Guatemala"	8917	2981	5519	4790	6253	12416	9962	15465	10022	16308	25218	27623	19748	20713	24306	30792	38554	
"Gambia"	3336	6122	10024	14360	10344	11030	17664	17361	20720	20697	40350	35097	34063	20772	15977	18195	38399	
"Ecuador"	8141	1703	2110	26158	7273	26264	24790	68232	16461	35131	50122	51306	78950	77841	37382	38451	38268	
"Niger"	897	769	2167	3310	3884	3967	11114	15546	11005	14741	24474	38954	46320	35251	31297	23906	38162	
"Venezuela, Bolivarian Republic of"	15907	15598	21502	12717	38618	41856	41699	27696	36420	44171	84232	156268	75827	48563	18681	18034	37570	
"Luxembourg"	0	16460	12706	19547	27733	23549	73870	56388	19458	25758	53757	51870	52412	65991	36587	59924	35728	
"Myanmar"	52	648	141	323	2104	624	603	751	11647	19094	13293	5435	25170	37832	30738	27255	31750	
"Paraguay"	1401	583	1419	1027	1163	1040	1551	3155	7385	24813	25901	12097	20821	31711	17292	19067	29573	
"Burkina Faso"	727	1602	3095	2612	3917	3736	5047	7143	6134	10298	14583	12816	20484	25667	21696	24681	28017	
"Congo, Democratic Republic of the"	1004	1079	1012	2118	2164	4012	4051	8727	14444	13870	31777	23863	39257	41052	32143	25741	27070	
"El Salvador"	5247	859	1163	1400	1555	2205	1350	1918	5031	2105	772	2018	3177	2070	4433	5623	25694	
"Mozambique"	509	527	4809	4045	6363	8559	14987	18493	24496	46038	102553	36378	41390	47812	43845	24213	25351	
"Mongolia"	869	1844	1334	2527	3772	6178	9514	12948	5629	11151	43423	35883	48120	35251	23124	24214	24429	
"Uganda"	747	456	946	2819	3862	7260	8903	10733	10327	13566	24192	22540	23280	26422	22085	20973	23696	
"Guyana"	2617	1883	1784	1736	1508	2082	1853	3968	2980	5498	9265	14970	12438	11245	10845	10065	22895	
"Equatorial Guinea"	177	200	498	2358	4900	10818	9598	14484	20095	32742	63361	75766	72990	64305	45739	23611	21583	
"Bolivia, Plurinational State of"	465	540	521	689	389	717	1736	5220	3341	5872	9571	11957	16140	16002	15513	14550	21100	
"Cayman Islands"	65	173	401	1989	279	78317	6003	19211	51417	38246	15912	18291	126872	18791	43973	17725	20637	
"Cuba"	3962	1838	3270	2165	1758	8781	32212	20093	10470	15264	9529	10091	13957	12839	10064	6277	20422	
"Chad"	741	3352	1787	1061	996	1497	3231	8872	4956	3323	5855	9739	12769	19273	17453	18533	17734	
"Cambodia"	1993	1404	1873	1785	2006	4571	5298	5445	5563	4490	3916	5200	10839	11615	13667	14178	17296	
"Zambia"	244	127	349	757	1769	2363	2585	5752	2704	6033	6198	12964	21523	21966	28934	14294	16603	
"Honduras"	3476	1776	2014	2908	3755	6311	2817	8046	5299	4606	5468	12882	9859	8240	8527	7070	13827	
"Eritrea"	4907	9994	14907	18724	11609	15081	19961	11044	2698	6828	7029	4996	1318	6160	13859	15666	13649	
"Suriname"	891	1726	1144	1713	2980	2777	2973	4027	3098	3071	4822	6257	4919	12139	16613	8411	12404	
"Nicaragua"	1579	813	326	2354	1933	1481	1251	2066	2236	1352	6546	8067	6452	3769	3646	4036	10857	
"Bahamas"	18089	23496	29126	56023	33439	45457	29460	58138	5935	6300	7671	10542	9708	13614	13462	9940	9783	
"Seychelles"	1665	1003	1731	706	4027	7095	5527	2082	2752	4439	13856	9175	10337	9106	7693	6220	6853	
"Comoros"	22	20	47	1997	1650	1685	2431	4032	2813	3077	15200	5367	5031	6799	4721	4827	6124	
"New Caledonia"	3146	78	618	1154	832	1004	1600	1864	1899	3258	3992	4949	5458	4797	6295	4980	5787	
"Papua New Guinea"	245	241	451	619	756	870	1343	1618	1737	2353	2120	4862	4830	3961	2587	1631	5699	
"Antigua and Barbuda"	95	4195	17873	513	23296	1131	3629	1725	3403	3725	3252	7852	10075	14955	7697	4560	5517	
"Barbados"	414	813	1049	1235	1567	2601	3218	26630	3852	4821	4833	4017	2757	8184	4359	5410	5427	
"Cook Islands"	0	11	685	2641	292	0	15	4355	57	1948	2420	675	3860	7269	8048	6901	5387	
"Zimbabwe"	1516	691	172	328	696	1361	1550	1243	838	2247	5380	8435	7831	4924	4385	4634	5354	
"Belize"	37	67	155	589	948	848	1906	2093	1546	2343	3436	6106	14669	19541	6967	5656	4667	
"Cabo Verde"	3092	6306	5594	4994	3118	4657	7804	10508	4914	5844	5581	4410	7029	6550	5163	4206	4237	
"Guinea-Bissau"	100	0	306	52	184	161	1055	470	859	2514	2460	2188	5334	6224	5432	4120	3829	
"Saint Vincent and the Grenadines"	2980	4984	1250	7001	9881	24003	15643	13075	39790	6165	5958	7177	15582	23581	21495	3518	3426	
"French Polynesia"	0	281	526	436	426	306	400	554	708	1171	1308	1270	1334	900	1167	2913	3398	
"United States Minor Outlying Islands"	6910	1274	1007	4219	497	308	354	242	265	483	1122	1371	1923	1800	1660	2163	3017	
"Malawi"	188	59	1894	1899	2115	1253	1578	2550	2134	3403	2220	3731	5081	2290	2822	2213	2745	
"South Sudan"	0	0	0	0	0	0	0	0	0	0	0	0	0	0	0	197	2542	
"Saint Kitts and Nevis"	2	140	746	320	484	480	934	10798	3242	3341	5883	11788	9659	9169	4031	3492	2273	
"Burundi"	146	80	65	255	2028	549	766	2072	2073	4387	5959	4153	1523	2518	2510	1861	1973	
"Saint Lucia"	31	47	95	193	200	206	127	207	227	241	300	543	807	632	1077	1565	1948	
"Botswana"	243	240	439	313	240	81	1139	998	155	616	1133	1738	2859	1885	1261	2905	1859	
"Central African Republic"	557	570	330	206	607	496	652	299	604	1041	32490	1585	1292	6121	790	800	1733	
"Grenada"	10	20	27	79	78	134	55	66	212	223	471	2776	629	210	777	699	1464	
"Vanuatu"	19	12	0	97	233	169	485	1668	1303	1010	1074	1419	5896	1200	1550	431	1457	
"Fiji"	97	125	188	253	418	271	237	282	311	1056	1218	1585	963	869	1064	833	1440	
"Lesotho"	0	122	73	63	544	804	817	207	617	556	549	503	497	178	251	347	1418	
"Lao People's Democratic Republic"	1027	1469	667	713	0	233	22	260	395	1243	3996	2917	5953	4820	1437	2244	1355	
"Brunei Darussalam"	26	62	98	1051	593	694	953	730	828	590	6616	869	5278	5527	4869	8122	1346	
"Swaziland"	340	13	25	87	23	25	1029	92	16	98	638	164	1584	671	1133	548	1185	
"Palau"	0	123	0	1	35	302	0	0	0	4	0	2	390	1005	1036	665	1107	
"Samoa"	8	27	0	282	8	0	9	12	0	42	45	108	1103	757	507	971	1044	
"Aruba"	238	289	415	55	866	104	219	3461	250	412	620	978	300	714	640	904	1031	
"Sao Tome and Principe"	42	31	174	270	550	247	242	318	453	473	1352	383	504	519	511	737	1010	
"Bermuda"	74	185	169	116	175	48702	234	28177	824	830	679	987	586	1255	1030	784	850	
"French Southern and Antarctic Territories"	2772	2154	46	3	0	467	2086	3858	63	99	137	132	607	184	114	31	653	
"Northern Mariana Islands"	0	129	42	19	759	79	1803	3071	0	0	0	0	0	0	41	5	644	
"Dominica"	1521	972	100	40	0	294	304	545	693	2103	740	1196	846	456	640	518	531	
"Curaçao"	0	0	0	0	0	0	0	0	0	0	25716	5160	39009	5782	4802	4376	353	
"Tuvalu"	0	0	12	0	0	35	100	159	57	11	70	213	234	972	433	343	289	
"British Indian Ocean Territory"	21	2	1	613	65	0	0	0	1	30	0	180	168	12	257	529	276	
"Andorra"	59	7	167	313	716	262	176	261	573	333	477	350	408	556	940	370	269	
"Faroe Islands"	417	334	221	546	413	479	574	308	257	165	203	343	103	103	121317	222	265	
"Macao, China"	1594	2195	1276	748	472	534	524	391	425	234	209	291	7486	7563	6891	5666	255	
"Tonga"	61	36	10	8	4	2	3	90	25	113	409	171	408	521	353	225	223	
"Kiribati"	0	0	0	0	0	0	0	21	9	98	41	306	218	657	159	50	171	
"Anguilla"	65	53	2	4	1	158	121	242	264	29	113	173	201	82	210	109	96	
"Timor-Leste"	0	0	62	0	330	278	0	24	70	2	7	4	72	51	31	66	74	
"Turks and Caicos Islands"	31	26	16	76	494	615	1285	1414	755	255	216	5	0	89	71	146	74	
"Korea, Democratic People's Republic of"	1245	1603	1496	1337	1152	1201	975	281	2459	665	100	240	6414	5736	4661	635	71	
"Bhutan"	0	9	12	0	0	7	9	264	65	93	58	28	59	72	28	98	61	
"Greenland"	0	6	0	107	197	0	42	166	35	10	47	21	21	1	30	51481	38	
"Solomon Islands"	0	0	0	51	28	67	58	103	166	43	0	9	0	43	346	18	34	
"Micronesia, Federated States of"	0	0	0	0	0	0	0	0	0	0	0	0	10	18	0	18	30	
"Wallis and Futuna Islands"	0	0	0	0	0	0	12	0	12	12	12	11	153	21	16	18	17	
"Armenia"	0	0	0	0	0	0	0	0	2	16	218	241	83	0	0	1	13	
"Christmas Island"	0	4587	270	172	17	0	0	0	9	0	0	0	112	0	0	0	0	
"Cocos (Keeling) Islands"	0	0	0	0	0	0	0	0	0	3	0	2	0	123	27	3	0	
"Falkland Islands (Malvinas)"	0	34	58	184	0	1	0	11	36	37	25	2	4	26	15	0	0	
"Nauru"	0	0	0	0	0	0	0	0	0	0	0	0	0	0	2	0	0	
"Oceania Nes"	911	1057	312	0	0	0	0	0	0	0	0	0	0	0	0	0	0	
"Norfolk Island"	0	10	0	0	0	0	21	0	0	0	0	8	0	0	0	0	0	
"Africa not elsewhere specified"	0	0	0	0	0	0	0	0	0	0	77	289	546	2	0	11	0	
"Saint Helena"	0	0	0	1	0	2	0	0	11	0	9	0	0	0	0	0	0	
"St. Pierre and Miquelon"	0	0	0	0	0	3	0	0	4	0	2	22	72	38	6	7	0	
"Serbia and Montenegro"	81362	121484	184676	211944	257879	0	0	0	0	0	0	0	0	0	0	0	0	
"Mayotte"	0	101	172	694	290	165	659	3121	2645	2366	3388	3807	5988	0	0	0	0	
"Montserrat"	0	0	1	2	0	0	11	0	0	0	0	0	0	0	0	1	0	
"Netherlands Antilles"	10994	1396	1293	1626	13098	2555	3664	4054	4390	19582	0	0	0	0	0	0	0	
"Sudan (before 2012)"	54577	56933	63791	88442	145232	216967	179697	234223	247190	227743	243723	0	0	0	0	0	0	
